1
长白山8度冷矿泉 520 24 23400 72
1
长白山天然矿泉水 600 15 20000 40
1
长白山天然矿泉水 3000 6 23423 70 
1
长白山天然矿泉水 5000 4 18234 83
1
语茶观水泡茶好搭档 3000 3 34534 100
1
偏硅酸天然矿泉水 5000 4 23423 83
1
农夫山泉饮用天然水 5000 4 48747 36.9
1
农夫山泉饮用天然水 550 24 52344 37.9
1
农夫山泉饮用天然水 1000 12 67347 96
1
苏打水无糖 410 15 58590 54
1
百岁山天然矿泉水 570 24 35345 54
1
百岁山天然矿泉水 1000 15 84734 60
1
康师傅包装饮用水 550 24 144343 24
1
恒大天然弱碱矿泉水 500 24 23454 38
1
长白山低钠弱碱矿泉水 500 24 42523 53
1
哇哈哈AD钙 100 24 48573 24
1
爽歪歪酸奶饮品 200 24 34783 48
1
统一绿茶 500 15 34534 38
1
元气森林气泡水 480 15 28743 79
1
元气森林醇香乌龙 500 15 34344 92
1
红牛维生素牛磺酸饮料 250 24 47283 144
1
外星人电解质饮料 500 15 53432 87
1
东方树叶茶饮料 200 15 45353 64
1
农夫山泉NFC纯果汁 900 2 75845 72
1
维他奶果汁饮料 250 24 38539 62
